[[[ 87 155 190]
  [ 87 155 190]
  [ 87 155 190]
  ...
  [ 47  89 118]
  [ 47  89 118]
  [ 47  89 118]]

 [[ 87 155 190]
  [ 87 155 190]
  [ 87 155 190]
  ...
  [ 47  89 118]
  [ 47  89 118]
  [ 47  89 118]]

 [[ 88 156 191]
  [ 88 156 191]
  [ 88 156 191]
  ...
  [ 47  89 118]
  [ 47  89 118]
  [ 47  89 118]]

 ...

 [[ 77 108 129]
  [ 77 108 129]
  [ 77 108 129]
  ...
  [ 43  57 217]
  [ 60  77 247]
  [ 58  75 250]]

 [[ 77 108 129]
  [ 77 108 129]
  [ 77 108 129]
  ...
  [ 39  58 217]
  [ 58  77 246]
  [ 53  72 247]]

 [[ 77 108 129]
  [ 77 108 129]
  [ 77 108 129]
  ...
  [ 37  58 217]
  [ 55  75 246]
  [ 49  70 245]]]